[gd_scene load_steps=10 format=3 uid="uid://bxdwcj0664r56"]

[ext_resource type="Texture2D" uid="uid://dokv63m0ue0pa" path="res://models/texture.001.png" id="1_1eagc"]
[ext_resource type="ArrayMesh" uid="uid://cgjvno30qi1ch" path="res://models/blahaj.obj" id="2_82e8c"]
[ext_resource type="PackedScene" uid="uid://b86y1svyep4t4" path="res://entities/player.tscn" id="3_ex4er"]
[ext_resource type="Script" path="res://scripts/player.gd" id="4_3yeo3"]

[sub_resource type="CapsuleShape3D" id="CapsuleShape3D_dbhav"]
radius = 0.268922

[sub_resource type="StandardMaterial3D" id="StandardMaterial3D_mul0h"]
albedo_texture = ExtResource("1_1eagc")

[sub_resource type="BoxShape3D" id="BoxShape3D_886yq"]

[sub_resource type="StandardMaterial3D" id="StandardMaterial3D_q0sek"]
albedo_texture = ExtResource("1_1eagc")

[sub_resource type="BoxMesh" id="BoxMesh_pihi7"]

[node name="root" type="Node3D"]

[node name="myobject" type="Node" parent="."]

[node name="MeshInstance3D" type="MeshInstance3D" parent="myobject"]

[node name="blahaj" type="RigidBody3D" parent="."]
transform = Transform3D(0.907217, -0.399502, -0.131745, 0.420656, 0.863499, 0.27824, 0.00260402, -0.307843, 0.951434, 0, 1.57866, 0)

[node name="CollisionShape3D" type="CollisionShape3D" parent="blahaj"]
transform = Transform3D(1, 0, 0, 0, 1, 0, 0, 0, 1, -0.000940561, 0, 0.00370511)
shape = SubResource("CapsuleShape3D_dbhav")

[node name="MeshInstance3D" type="MeshInstance3D" parent="blahaj"]
transform = Transform3D(0.389266, 0.587225, 0, -0.46874, 0.487662, 0, 0, 0, 0.46354, -0.281659, -0.352076, 0.329102)
material_override = SubResource("StandardMaterial3D_mul0h")
mesh = ExtResource("2_82e8c")

[node name="floor" type="StaticBody3D" parent="."]
transform = Transform3D(19.4321, 0, 0, 0, 1, 0, 0, 0, 14.0023, 0, -0.0542706, -9.83477e-05)

[node name="CollisionShape3D" type="CollisionShape3D" parent="floor"]
shape = SubResource("BoxShape3D_886yq")

[node name="MeshInstance3D" type="MeshInstance3D" parent="floor"]
material_override = SubResource("StandardMaterial3D_q0sek")
mesh = SubResource("BoxMesh_pihi7")

[node name="bobus objebcts" type="Node3D" parent="."]

[node name="blahaj" type="RigidBody3D" parent="bobus objebcts"]
transform = Transform3D(0.654646, -0.666847, -0.356024, 0.745586, 0.491924, 0.449568, -0.124656, -0.559755, 0.819229, -0.500337, 3.21061, 0.449117)

[node name="CollisionShape3D" type="CollisionShape3D" parent="bobus objebcts/blahaj"]
transform = Transform3D(1, 0, 0, 0, 1, 0, 0, 0, 1, -0.000940561, 0, 0.00370511)
shape = SubResource("CapsuleShape3D_dbhav")

[node name="MeshInstance3D" type="MeshInstance3D" parent="bobus objebcts/blahaj"]
transform = Transform3D(0.389266, 0.587225, 0, -0.46874, 0.487662, 0, 0, 0, 0.46354, -0.281659, -0.352076, 0.329102)
material_override = SubResource("StandardMaterial3D_mul0h")
mesh = ExtResource("2_82e8c")

[node name="blahaj" type="RigidBody3D" parent="bobus objebcts/blahaj"]
transform = Transform3D(0.907217, -0.399502, -0.131745, 0.420656, 0.863499, 0.27824, 0.00260402, -0.307843, 0.951434, 0, 1.57866, 0)

[node name="CollisionShape3D" type="CollisionShape3D" parent="bobus objebcts/blahaj/blahaj"]
transform = Transform3D(1, 0, 0, 0, 1, 0, 0, 0, 1, -0.000940561, 0, 0.00370511)
shape = SubResource("CapsuleShape3D_dbhav")

[node name="MeshInstance3D" type="MeshInstance3D" parent="bobus objebcts/blahaj/blahaj"]
transform = Transform3D(0.389266, 0.587225, 0, -0.46874, 0.487662, 0, 0, 0, 0.46354, -0.281659, -0.352076, 0.329102)
material_override = SubResource("StandardMaterial3D_mul0h")
mesh = ExtResource("2_82e8c")

[node name="blahaj3" type="RigidBody3D" parent="bobus objebcts"]
transform = Transform3D(0.907217, -0.399502, -0.131745, 0.420656, 0.863499, 0.27824, 0.00260402, -0.307843, 0.951434, 0, 1.57866, 0)

[node name="CollisionShape3D" type="CollisionShape3D" parent="bobus objebcts/blahaj3"]
transform = Transform3D(1, 0, 0, 0, 1, 0, 0, 0, 1, -0.000940561, 0, 0.00370511)
shape = SubResource("CapsuleShape3D_dbhav")

[node name="MeshInstance3D" type="MeshInstance3D" parent="bobus objebcts/blahaj3"]
transform = Transform3D(0.389266, 0.587225, 0, -0.46874, 0.487662, 0, 0, 0, 0.46354, -0.281659, -0.352076, 0.329102)
material_override = SubResource("StandardMaterial3D_mul0h")
mesh = ExtResource("2_82e8c")

[node name="blahaj2" type="RigidBody3D" parent="bobus objebcts"]
transform = Transform3D(0.654646, -0.666847, -0.356024, 0.745586, 0.491924, 0.449568, -0.124656, -0.559755, 0.819229, -0.630675, 2.94182, -0.485978)

[node name="CollisionShape3D" type="CollisionShape3D" parent="bobus objebcts/blahaj2"]
transform = Transform3D(1, 0, 0, 0, 1, 0, 0, 0, 1, -0.000940561, 0, 0.00370511)
shape = SubResource("CapsuleShape3D_dbhav")

[node name="MeshInstance3D" type="MeshInstance3D" parent="bobus objebcts/blahaj2"]
transform = Transform3D(0.389266, 0.587225, 0, -0.46874, 0.487662, 0, 0, 0, 0.46354, -0.281659, -0.352076, 0.329102)
material_override = SubResource("StandardMaterial3D_mul0h")
mesh = ExtResource("2_82e8c")

[node name="DirectionalLight3D" type="DirectionalLight3D" parent="."]
transform = Transform3D(1, 0, 0, 0, 0.695073, 0.71894, 0, -0.71894, 0.695073, 0, 6.11305, 3.94224)

[node name="player" parent="." instance=ExtResource("3_ex4er")]
transform = Transform3D(1, 0, 0, 0, 1, 0, 0, 0, 1, 0.0506709, 1.7549, 0.00500011)
script = ExtResource("4_3yeo3")

[node name="Camera3D" type="Camera3D" parent="player"]
transform = Transform3D(1, 0, 0, 0, 0.535739, 0.844384, 0, -0.844384, 0.535739, -0.0359738, 9.85619, 3.7082)
