[gd_scene load_steps=3 format=3 uid="uid://d02aq1wls7gk6"]

[ext_resource type="Script" path="res://wfc.gd" id="1_pkmng"]

[sub_resource type="CapsuleMesh" id="CapsuleMesh_dml67"]

[node name="Node3D" type="Node3D"]

[node name="Node" type="Node" parent="."]
script = ExtResource("1_pkmng")

[node name="MeshInstance3D" type="MeshInstance3D" parent="."]
transform = Transform3D(0.273625, 0, 0, 0, 4.73812, 0, 0, 0, 0.341143, 0, 0, 0)
mesh = SubResource("CapsuleMesh_dml67")
skeleton = NodePath("../visualiastion/Camera3D")

[node name="visualiastion" type="Node3D" parent="."]
transform = Transform3D(1, 0, 0, 0, 0.999379, 0.0352312, 0, -0.0352312, 0.999379, 14.4831, 3.01217, 5.96215)

[node name="Camera3D" type="Camera3D" parent="visualiastion"]
transform = Transform3D(-0.751241, 0.320894, -0.57677, -0.0232536, 0.860447, 0.509009, 0.659618, 0.395801, -0.638941, -17.3946, 7.18667, -7.00518)

[node name="OmniLight3D" type="OmniLight3D" parent="visualiastion"]
transform = Transform3D(1, 0, 0, 0, 1, 0, 0, 0, 1, -1.71773, 0.641044, -7.05648)

[node name="DirectionalLight3D" type="DirectionalLight3D" parent="visualiastion"]
transform = Transform3D(1, 0, 0, 0, 0.0895723, 0.995981, 0, -0.995981, 0.0895723, -6.3356, 8.71687, 3.83287)
